(-----------------> 2   
)-----------------> 3   
,-----------------> 6   
;-----------------> 11   
addop-----------------> 5 7   
assign-----------------> 13   
boolean-----------------> 52   
digits-----------------> 10   
else-----------------> 44   
float-----------------> 49   
general-----------------> 0 1 8 24 42   
id-----------------> 15 16 17 18 19 20 28 29 30 31 32 34 35 37 38 39 41 43 45 46 48 51   
if-----------------> 33   
int-----------------> 40   
mulop-----------------> 4 9   
num-----------------> 36 47   
relop-----------------> 12 14 23 25 26 27   
while-----------------> 50   
{-----------------> 21   
}-----------------> 22   
